Barris	TOTAL	Total_Europa	Espanya	Itàlia	França	RegneUnit	Alemanya	Romania	Rússia	Portugal	Ucraïna	PaïsosBaixos	Polònia	Bulgària	Suècia	Bèlgica	Grècia	Irlanda	Suïssa	Resta_Europa		Total_Africa	Marroc,el	Algèria	Senegal	Resta_Africa		Total_America	Colòmbia	Hondures	Perú	Veneçuela	Bolívia	Equador	Argentina	Brasil	RepúblicaDominicana	EstatsUnits,els	Mèxic	Xile	Paraguai	Cuba	ElSalvador	Uruguai	Resta_America		Total_Asia	Xina	Pakistan	Filipines	Índia	Bangladesh	Geòrgia	Armènia	Japó	Nepal	Turquia	Resta_Asia		Oceania	Apàtrides_noconsta
11.elRaval	26.093	14.662	11.515	1.139	464	339	204	123	76	134	59	98	48	45	88	58	32	28	33	179		1.183	793	152	53	185		1.689	184	48	92	148	113	124	186	148	115	107	110	115	38	40	24	34	63		8.546	163	3.227	1.810	779	2.100	50	22	16	96	37	246		11	2
12.elBarriGòtic	10.790	6.315	4.166	675	344	231	185	98	51	78	42	90	40	19	47	37	26	44	26	116		543	324	52	44	123		909	107	37	46	76	33	30	119	98	16	99	51	68	17	26	21	18	47		3.003	72	1.370	137	431	761	40	5	22	21	26	118		16	4
13.laBarceloneta	7.594	6.009	4.447	625	165	123	112	28	33	81	49	59	36	29	39	21	11	23	16	112		303	211	49	16	27		682	82	14	43	69	24	28	93	98	9	55	39	37	7	29	5	24	26		587	25	352	8	64	23	4	3	6	19	31	52		13	0
14.SantPere,SantaCaterinailaRibera	11.630	8.859	6.167	936	413	324	203	59	67	90	25	115	45	16	65	54	39	60	22	159		802	577	88	36	101		1.043	92	13	46	72	41	46	154	84	71	167	72	75	13	13	9	30	45		892	160	271	125	87	45	32	5	17	6	38	106		30	4
25.elFortPienc	15.481	13.096	11.426	619	305	143	105	61	27	78	46	48	27	19	20	23	18	18	8	105		218	129	16	21	52		976	117	28	92	112	47	53	125	102	30	57	57	59	12	24	6	19	36		1.181	657	190	21	64	55	40	11	13	31	21	78		5	5
26.laSagradaFamília	23.785	20.421	18.422	786	279	145	108	74	69	136	49	57	38	12	26	24	30	32	15	119		278	168	23	18	69		1.855	218	51	197	261	134	134	144	135	65	98	128	91	60	35	14	34	56		1.221	548	121	43	111	29	33	36	32	82	45	141		6	4
27.laDretadelEixample	20.623	18.342	15.499	887	570	289	252	35	106	104	41	126	38	14	47	68	27	51	32	156		244	76	21	47	100		1.241	149	19	55	117	37	38	136	123	22	220	98	77	15	33	10	29	63		768	290	45	30	65	23	12	12	43	16	54	178		25	3
28.lAntigaEsquerradelEixample	20.160	17.348	15.051	773	395	223	200	66	54	108	30	81	38	21	30	41	18	35	26	158		128	64	10	9	45		1.766	240	35	148	247	53	67	175	265	24	137	115	80	23	42	14	20	81		898	336	101	125	53	35	9	4	41	14	30	150		16	4
29.laNovaEsquerradelEixample	27.232	23.860	21.608	901	301	177	165	90	75	139	33	55	40	19	30	32	30	22	16	127		236	126	20	19	71		1.831	228	34	196	236	77	131	195	200	53	82	95	94	33	55	24	22	76		1.287	601	123	167	54	45	29	23	45	7	27	166		11	7
210.SantAntoni	18.331	15.595	13.769	681	257	201	134	39	51	91	28	52	32	18	36	38	23	37	12	96		213	118	18	21	56		1.081	136	26	82	127	66	54	107	104	48	76	72	57	21	33	15	13	44		1.429	389	321	288	88	144	18	9	27	45	16	84		9	4
311.elPobleSec-AEIParcMontjuïc	19.859	15.023	12.817	846	343	235	130	67	54	75	34	54	44	28	41	36	32	44	11	132		615	421	84	29	81		1.460	171	43	97	117	92	93	142	105	242	80	56	83	22	34	32	18	33		2.751	223	1.110	446	561	172	26	10	11	103	20	69		8	2
312.laMarinadelPratVermell-AEIZonaFranca	623	566	554	4	2	0	0	0	2	0	1	0	1	0	0	1	0	0	0	1		13	11	1	0	1		26	1	2	8	2	1	0	1	2	1	1	0	1	5	0	0	1	0		18	14	0	0	0	0	1	0	0	0	0	3		0	0
313.laMarinadePort	14.888	12.867	12.380	140	36	18	9	86	33	31	37	6	17	33	2	3	0	3	0	33		262	176	34	13	39		818	143	89	142	56	43	123	41	36	47	5	10	19	6	22	12	15	9		940	350	221	180	82	25	30	8	3	8	3	30		1	0
314.laFontdelaGuatlla	4.910	4.215	3.804	153	42	24	29	33	18	22	18	9	6	10	3	6	8	5	1	24		69	36	1	14	18		334	58	5	33	39	17	23	26	37	15	7	15	19	8	6	6	7	13		291	78	82	9	49	6	14	12	3	10	4	24		0	1
315.Hostafrancs	7.774	6.422	5.733	247	91	53	30	42	40	31	23	15	14	18	18	11	6	9	4	37		172	116	24	13	19		577	82	22	72	45	49	62	45	51	27	19	21	23	16	14	5	10	14		601	143	228	33	84	6	19	6	6	29	4	43		2	0
316.laBordeta	9.233	8.154	7.753	136	57	29	20	35	18	14	7	12	9	8	5	9	8	4	3	27		203	158	12	14	19		475	63	22	43	45	54	48	32	34	40	8	11	16	19	15	6	12	7		400	134	76	26	103	4	10	3	3	6	6	29		0	1
317.Sants-Badal	11.452	9.774	9.204	166	76	32	28	82	21	35	34	12	15	4	3	16	6	1	1	38		192	115	23	6	48		889	107	50	107	72	125	99	41	49	73	17	17	26	43	11	25	7	20		592	182	158	36	91	12	38	12	4	13	9	37		4	1
318.Sants	20.114	16.929	15.629	440	196	80	57	142	30	72	45	33	34	30	11	22	16	11	15	66		500	312	47	27	114		1.398	180	81	147	128	175	149	88	64	81	26	57	51	37	39	37	26	32		1.277	258	439	43	251	67	65	5	16	48	11	74		8	2
419.lesCorts	21.602	19.875	18.802	341	138	67	77	79	52	71	26	25	27	21	13	18	11	12	11	84		118	47	18	13	40		921	95	29	88	115	38	52	70	110	28	100	48	40	24	20	14	15	35		679	272	69	14	73	16	3	4	63	5	22	138		6	3
420.laMaternitatiSantRamon	11.141	10.217	9.707	177	86	35	27	21	23	24	30	13	13	9	4	1	8	8	3	28		77	50	4	3	20		553	67	14	46	72	29	63	39	39	25	17	46	25	27	10	6	10	18		294	99	33	6	43	2	11	3	27	11	4	55		0	0
421.Pedralbes	5.624	5.228	4.596	122	205	40	48	9	73	19	16	7	1	15	8	10	4	3	12	40		42	15	13	0	14		203	25	2	13	20	8	7	11	20	4	28	22	8	2	1	12	5	15		147	42	3	7	5	0	0	4	17	0	15	54		3	1
522.Vallvidrera,elTibidaboilesPlanes	2.358	2.277	2.004	60	53	36	31	4	12	6	1	22	2	2	5	10	2	5	4	18		11	9	0	0	2		50	2	1	4	6	2	4	9	6	0	10	1	2	0	0	0	1	2		18	2	1	0	1	0	2	5	2	0	0	5		2	0
523.Sarrià	11.732	11.053	9.947	235	352	90	78	10	44	38	32	27	15	34	14	11	11	13	9	93		120	69	23	3	25		313	43	9	18	22	16	16	13	23	5	87	18	6	6	4	9	0	18		243	57	16	14	16	3	6	0	64	1	13	53		2	1
524.lesTresTorres	7.787	7.438	7.017	107	93	37	36	11	20	12	5	17	6	6	7	14	1	1	15	33		53	31	6	1	15		168	11	3	11	12	2	3	11	14	1	57	19	3	5	5	4	3	4		122	20	3	11	14	1	2	0	40	0	4	27		6	0
525.SantGervasi-laBonanova	11.965	11.210	10.456	193	142	60	54	40	58	36	12	28	9	3	5	19	4	12	22	57		98	48	7	5	38		361	33	4	37	56	11	14	37	29	6	50	23	24	4	6	5	7	15		290	123	29	18	20	8	5	5	15	3	13	51		6	0
526.SantGervasi-Galvany	21.610	20.383	18.767	478	320	133	165	20	72	70	30	57	16	9	37	30	23	15	42	99		95	33	6	2	54		719	61	17	40	87	20	24	59	54	12	170	61	43	9	12	11	10	29		405	90	43	44	41	1	8	0	32	3	29	114		7	1
527.elPutxetielFarró	13.593	12.668	11.588	403	188	80	80	23	40	54	11	33	26	11	8	20	11	12	17	63		104	47	4	8	45		546	80	4	48	101	20	17	47	43	11	49	22	30	20	15	8	12	19		268	86	34	15	33	0	2	2	28	1	20	47		4	3
628.VallcarcaielsPenitents	7.406	6.789	6.232	156	66	56	56	31	27	42	21	13	16	6	11	10	6	3	6	31		42	28	0	2	12		374	32	12	37	58	22	19	38	29	16	25	18	27	13	6	1	5	16		198	48	70	8	44	0	0	5	6	0	0	17		2	1
629.elColl	3.490	3.197	2.940	83	32	30	18	24	17	6	7	3	7	3	3	4	1	3	4	12		40	30	3	4	3		184	21	22	12	30	12	10	19	10	5	5	8	6	10	6	2	3	3		69	3	36	5	6	4	3	1	4	0	2	5		0	0
630.laSalut	6.212	5.664	5.193	161	65	38	39	27	22	26	5	11	18	1	6	8	2	5	8	29		133	92	12	5	24		243	33	10	16	20	17	16	20	19	6	14	15	14	6	7	7	10	13		166	47	32	5	31	3	7	0	6	4	5	26		4	2
631.laViladeGràcia	23.113	20.637	17.772	946	512	310	267	46	39	130	32	110	38	17	39	72	45	56	36	170		253	130	19	27	77		1.351	150	9	119	132	47	50	134	109	24	203	106	104	29	23	16	27	69		840	171	148	28	164	47	13	7	31	40	30	161		25	7
632.elCampdenGrassotiGràciaNova	16.183	14.681	13.467	431	184	98	77	76	27	79	17	25	23	21	16	11	15	18	9	87		116	65	7	9	35		746	95	32	72	88	38	55	76	51	17	40	54	48	10	21	8	15	26		630	167	108	14	99	30	37	24	7	80	18	46		9	1
733.elBaixGuinardó	11.984	10.795	10.074	319	86	65	35	40	14	42	14	20	8	4	6	8	8	5	3	44		110	66	13	15	16		722	95	26	101	115	41	51	54	46	22	17	22	22	36	26	10	23	15		353	131	71	2	26	3	31	6	3	40	11	29		1	3
734.CanBaró	4.354	3.902	3.608	91	44	17	20	17	17	9	11	15	4	8	1	2	3	4	2	29		66	23	11	7	25		254	27	26	26	25	14	26	28	17	4	10	1	20	5	7	1	3	14		130	40	45	1	10	2	4	3	2	2	4	17		1	1
735.elGuinardó	17.432	15.632	14.602	360	142	66	48	89	54	48	45	19	14	28	5	19	6	10	2	75		191	111	17	18	45		1.138	191	95	141	113	85	93	72	49	60	23	31	36	76	24	25	9	15		469	135	116	11	57	7	47	30	14	15	5	32		2	0
736.laFontdenFargues	4.494	4.334	4.189	47	20	15	16	7	4	6	4	6	1	0	1	6	0	3	0	9		20	9	3	3	5		103	17	13	1	6	7	13	5	7	3	4	1	6	4	7	5	2	2		37	8	1	2	10	0	5	4	2	0	0	5		0	0
737.elCarmel	15.279	13.321	12.690	183	50	33	23	74	56	34	55	10	21	24	6	10	2	6	3	41		243	160	14	24	45		1.161	109	128	119	92	205	169	65	27	57	16	15	32	44	15	37	16	15		552	89	227	12	49	6	62	45	0	16	4	42		2	0
738.laTeixonera	5.663	4.997	4.743	81	16	10	8	26	19	21	27	5	6	6	5	1	1	3	0	19		93	52	3	4	34		391	43	34	40	39	46	44	29	10	13	2	2	24	19	5	26	9	6		181	14	73	3	39	11	21	4	1	6	1	8		0	1
739.SantGenísdelsAgudells	3.471	2.987	2.835	34	13	8	13	10	16	8	21	2	4	1	2	1	0	1	4	14		60	36	5	1	18		313	21	32	63	38	22	11	22	7	18	17	16	11	15	2	4	2	12		111	19	15	0	19	1	20	0	1	9	0	27		0	0
740.Montbau	2.337	2.107	2.010	41	3	4	2	6	10	4	10	3	0	1	1	2	3	1	0	6		34	19	3	2	10		146	25	12	15	20	4	4	8	9	7	2	2	17	8	2	3	4	4		50	7	20	0	8	1	2	4	1	3	0	4		0	0
741.laValldHebron	2.741	2.608	2.494	28	9	2	7	17	6	5	10	3	4	9	0	0	2	4	0	8		11	7	0	1	3		98	20	8	10	15	0	3	5	6	1	6	9	6	5	2	0	1	1		24	6	0	1	12	1	0	1	0	0	0	3		0	0
742.laClota	355	305	299	3	0	0	1	1	0	0	0	0	0	0	0	0	0	0	0	1		5	3	2	0	0		11	1	0	0	0	1	3	3	0	0	0	2	0	0	1	0	0	0		34	0	19	0	0	11	3	0	0	0	0	1		0	0
743.Horta	12.827	11.487	11.043	121	31	22	19	91	16	29	49	7	11	6	4	4	1	4	2	27		232	160	19	19	34		654	94	100	76	51	56	56	28	14	52	10	4	26	16	22	18	8	23		448	111	138	42	26	7	55	16	1	10	3	39		3	3
844.VilapicinailaTorreLlobeta	11.917	10.462	10.039	125	41	17	14	45	23	35	47	11	9	21	12	5	3	0	0	15		108	64	11	10	23		831	118	70	88	61	111	104	40	32	81	5	8	17	34	21	29	2	10		514	221	120	9	19	6	52	60	0	0	8	19		0	2
845.Porta	12.343	10.251	9.836	106	30	15	15	77	45	23	38	7	8	8	0	2	2	5	0	34		306	200	24	22	60		1.092	124	230	135	58	95	118	33	45	102	12	18	18	45	16	21	7	15		692	129	193	19	91	9	109	110	3	6	4	19		0	2
846.elTuródelaPeira	7.321	5.771	5.573	46	7	18	3	38	14	11	35	6	0	4	0	2	1	2	0	11		160	99	17	22	22		896	93	55	76	38	235	95	26	23	159	5	3	19	27	10	16	2	14		493	71	228	0	28	7	96	47	0	4	2	10		0	1
847.CanPeguera	1.059	961	946	3	2	0	0	1	2	1	3	0	1	0	1	1	0	0	0	0		27	20	1	0	6		54	3	9	4	0	1	9	2	3	5	2	0	8	0	3	1	3	1		17	3	2	0	4	0	3	2	0	0	0	3		0	0
848.laGuineueta	7.071	6.630	6.458	45	8	6	3	41	13	8	27	4	5	3	3	1	0	0	1	4		32	17	1	2	12		290	35	35	33	15	30	37	16	15	18	2	7	2	21	11	1	2	10		119	43	26	7	2	4	13	16	1	0	1	6		0	0
849.Canyelles	3.270	3.128	3.082	9	0	1	0	7	5	5	10	0	1	0	0	0	1	0	0	7		23	11	1	3	8		87	8	16	10	8	2	10	2	3	6	0	4	4	6	2	4	2	0		32	7	8	0	1	0	10	1	0	0	0	5		0	0
850.lesRoquetes	7.811	6.291	5.997	53	7	11	2	81	28	10	55	1	11	11	2	1	1	0	2	18		226	148	5	5	68		869	58	363	56	33	54	132	15	12	47	2	9	16	30	5	17	8	12		424	61	193	6	105	10	15	22	0	7	0	5		1	0
851.Verdun	5.865	4.768	4.576	51	12	10	5	24	22	14	36	1	2	7	1	1	0	1	0	5		131	72	17	2	40		648	46	218	66	26	49	67	19	16	65	2	10	11	17	14	9	7	6		318	87	92	21	44	0	18	46	2	0	0	8		0	0
852.laProsperitat	12.618	10.841	10.522	77	24	7	11	66	22	14	46	5	4	18	0	1	2	2	0	20		177	95	7	14	61		993	100	221	98	39	104	161	32	48	65	5	7	20	11	30	26	18	8		607	181	146	10	60	9	54	123	0	1	1	22		0	0
853.laTrinitatNova	3.652	2.873	2.751	29	2	4	2	25	16	5	29	0	0	0	1	2	0	0	0	7		151	71	8	16	56		323	36	78	34	20	29	50	5	10	27	1	2	5	10	0	10	2	4		304	25	135	0	46	1	17	71	0	0	0	9		1	0
854.TorreBaró	1.474	1.248	1.195	10	2	3	0	11	5	5	0	0	6	3	1	0	0	0	0	7		101	75	1	8	17		103	7	18	10	3	12	17	3	5	8	0	0	5	4	2	5	3	1		22	3	11	3	0	1	0	0	0	0	0	4		0	0
855.CiutatMeridiana	5.287	3.725	3.565	20	2	4	3	40	24	9	34	1	12	3	1	0	0	0	0	7		440	240	12	7	181		695	45	236	41	18	24	141	12	12	129	1	5	5	12	1	4	3	6		427	30	310	3	41	1	13	14	0	5	2	8		0	0
856.Vallbona	683	604	578	5	1	2	0	0	1	4	7	0	1	2	0	1	1	0	0	1		21	17	2	1	1		30	2	3	4	2	2	8	0	3	2	0	0	0	1	2	0	0	1		28	6	18	0	2	0	0	0	0	1	0	1		0	0
957.laTrinitatVella	5.277	3.701	3.483	41	4	3	5	80	10	9	29	8	1	9	2	2	2	0	1	12		434	307	30	12	85		434	48	46	66	21	30	79	18	23	41	2	1	6	14	6	14	10	9		708	35	518	3	62	12	41	24	0	1	1	11		0	0
958.BaródeViver	1.265	1.112	1.086	2	0	1	0	9	5	2	1	2	2	1	0	0	1	0	0	0		62	39	17	1	5		60	9	8	16	5	5	6	4	1	3	0	0	2	0	1	0	0	0		31	9	11	0	2	0	7	1	0	0	0	1		0	0
959.elBonPastor	6.466	5.516	5.307	41	8	5	8	41	12	21	32	2	9	5	0	2	1	2	0	20		159	102	13	14	30		391	69	60	38	29	47	57	11	8	25	1	3	2	5	6	14	7	9		400	65	208	2	56	13	16	38	0	1	0	1		0	0
960.SantAndreu	27.379	25.687	24.991	263	57	53	25	64	24	36	51	25	6	13	7	6	6	4	4	52		293	168	20	26	79		888	115	56	132	90	80	88	51	35	48	22	17	41	30	26	20	21	16		509	212	132	8	22	4	55	18	4	5	3	46		1	1
961.laSagrera	13.764	12.304	11.784	181	39	29	30	55	30	28	37	11	8	14	3	8	5	7	0	35		105	73	6	13	13		855	101	54	164	79	96	83	50	23	78	14	19	19	18	19	11	12	15		498	266	58	14	42	4	49	34	3	2	5	21		0	2
962.elCongrésielsIndians	6.756	6.003	5.680	101	26	22	15	45	31	8	26	0	3	13	2	3	3	2	4	19		77	49	5	7	16		433	72	31	52	39	47	47	22	11	27	4	11	10	20	17	7	7	9		241	116	37	1	16	10	36	16	2	0	2	5		1	1
963.Navas	10.428	9.207	8.689	203	60	27	23	57	19	36	33	6	13	15	1	3	1	4	1	16		128	66	10	29	23		641	63	29	134	57	76	49	30	32	67	12	14	19	16	18	8	12	5		448	265	61	10	14	1	14	20	23	8	5	27		3	1
1064.elCampdelArpadelClot	18.305	15.992	14.656	480	185	117	81	70	49	58	47	36	34	17	16	28	14	15	14	75		267	171	17	19	60		1.274	158	45	187	149	127	96	107	65	89	22	37	59	31	26	10	30	36		762	328	195	25	52	29	29	21	10	25	11	37		7	3
1065.elClot	13.000	11.646	10.835	298	94	56	35	52	31	69	39	17	21	17	9	11	6	6	3	47		227	168	12	12	35		669	82	27	76	67	51	41	68	55	38	16	22	41	27	10	6	18	24		453	229	100	13	10	12	28	13	5	4	8	31		4	1
1066.elParcilaLlacunadelPoblenou	7.591	6.630	5.705	319	109	93	63	44	31	31	20	26	16	19	12	18	13	16	11	84		187	107	17	17	46		404	39	4	37	36	15	21	47	41	13	40	24	23	20	9	7	9	19		365	172	74	12	20	7	19	3	10	0	9	39		3	2
1067.laVilaOlímpicadelPoblenou	4.576	4.329	3.733	178	97	44	58	13	32	25	14	21	10	8	9	6	4	10	7	60		24	16	0	1	7		143	4	0	11	6	3	3	27	19	1	28	14	9	1	4	0	4	9		71	20	18	0	4	0	2	0	2	0	6	19		9	0
1068.elPoblenou	16.532	15.021	13.161	614	275	205	138	44	77	67	49	77	29	26	42	48	15	11	16	127		176	104	11	34	27		684	81	18	44	67	30	40	102	70	17	59	39	42	20	16	6	16	17		633	192	257	5	60	8	9	19	6	2	15	60		17	1
1069.DiagonalMarielFrontMarítimdelPoblenou	6.681	6.166	5.327	194	109	63	55	29	137	39	34	35	7	16	25	16	6	5	7	62		88	43	12	3	30		210	22	0	8	25	4	10	29	30	3	26	15	5	2	11	0	7	13		216	74	36	2	17	0	7	4	4	0	17	55		1	0
1070.elBesòsielMaresme	12.599	8.893	8.063	140	22	18	14	186	128	42	139	15	19	32	4	4	1	3	1	62		736	365	47	247	77		704	84	94	53	65	73	87	47	36	67	4	16	21	8	19	18	8	4		2.265	210	1.685	10	136	39	57	16	2	62	4	44		1	0
1071.ProvençalsdelPoblenou	10.207	9.224	8.508	225	62	44	33	54	58	51	45	26	24	12	5	11	9	11	6	40		191	102	41	28	20		429	58	23	47	47	27	47	37	28	23	12	18	15	10	14	6	11	6		359	129	114	5	46	2	12	13	2	1	13	22		2	2
1072.SantMartídeProvençals	12.271	11.023	10.515	164	40	21	15	71	28	32	55	7	13	16	4	4	7	2	3	26		97	59	10	7	21		605	72	40	96	47	47	69	39	28	57	22	9	31	12	9	4	9	14		543	347	86	9	27	8	20	22	4	8	1	11		1	2
1073.laVernedailaPau	13.762	12.302	11.808	124	22	3	13	82	39	27	64	7	10	26	1	5	4	2	2	63		189	78	19	58	34		630	75	38	91	55	57	84	34	31	58	5	4	24	20	20	2	15	17		639	347	146	6	38	10	27	29	2	15	2	17		2	0
