Barris	TOTAL	Total_Europa	Espanya	Itàlia	França	RegneUnit	Alemanya	Romania	Rússia	Portugal	Ucraïna	PaïsosBaixos	Polònia	Bulgària	Suècia	Bèlgica	Grècia	Irlanda	Suïssa	Resta_Europa		Total_Africa	Marroc,el	Algèria	Senegal	Resta_Africa		Total_America	Colòmbia	Hondures	Perú	Veneçuela	Bolívia	Equador	Argentina	Brasil	RepúblicaDominicana	EstatsUnits,els	Mèxic	Xile	Paraguai	Cuba	ElSalvador	Uruguai	Resta_America		Total_Asia	Xina	Pakistan	Filipines	Índia	Bangladesh	Geòrgia	Armènia	Japó	Nepal	Turquia	Resta_Asia		Oceania	Apàtrides_noconsta
11.elRaval	22.204	14.605	11.715	835	416	242	218	162	133	89	82	76	90	35	111	42	39	24	36	260		749	596	40	9	104		1.661	181	96	88	103	151	95	187	148	109	105	100	92	68	29	26	18	65		5.174	180	1.133	2.211	346	950	52	20	26	46	34	176		9	6
12.elBarriGòtic	8.390	6.267	4.221	590	312	179	143	93	112	44	46	88	53	24	86	38	25	23	21	169		259	180	20	10	49		1.023	108	84	50	85	42	40	121	84	32	117	67	71	20	16	20	20	46		818	89	179	197	107	51	36	2	23	3	25	106		18	5
13.laBarceloneta	7.579	6.391	4.799	521	158	98	107	57	71	67	44	53	59	35	60	16	16	12	17	201		183	143	20	3	17		749	81	28	38	78	21	34	73	120	18	71	40	42	29	22	7	25	22		239	30	66	12	21	3	8	7	10	5	27	50		16	1
14.SantPere,SantaCaterinailaRibera	11.540	9.290	6.576	785	425	264	217	86	143	80	58	99	77	29	71	45	36	34	26	239		250	187	29	7	27		1.289	155	50	80	99	47	52	143	99	73	178	105	67	21	16	12	22	70		689	165	114	141	32	21	42	6	40	3	43	82		22	0
25.elFortPienc	17.168	14.796	13.063	551	292	100	119	78	89	68	69	41	62	39	34	22	14	17	11	127		132	69	14	5	44		1.270	136	112	109	167	77	67	128	105	30	58	80	62	22	33	15	23	46		966	674	35	36	30	11	40	8	18	13	19	82		3	1
26.laSagradaFamília	28.126	24.229	22.021	735	272	117	106	117	150	138	78	58	85	27	37	11	25	21	16	215		169	105	16	17	31		2.570	291	175	235	358	166	134	188	193	96	110	153	118	118	44	23	44	124		1.149	631	49	62	48	20	56	26	31	56	40	130		4	5
27.laDretadelEixample	23.592	20.935	18.048	804	599	211	222	68	196	106	60	100	74	26	56	49	33	39	35	209		136	62	13	10	51		1.696	206	80	118	162	99	51	169	160	28	216	131	73	64	22	18	27	72		805	369	15	49	22	10	11	12	54	9	71	183		9	11
28.lAntigaEsquerradelEixample	22.952	19.952	17.682	680	349	147	179	89	149	107	66	76	65	26	50	21	32	18	18	198		100	62	9	0	29		1.962	262	105	165	210	92	74	181	178	44	175	154	89	50	34	28	26	95		916	379	24	206	32	10	24	6	52	12	36	135		17	5
29.laNovaEsquerradelEixample	31.410	27.456	25.248	674	302	133	131	154	182	106	75	44	70	28	37	23	28	19	20	182		146	86	21	3	36		2.526	275	122	299	274	159	148	205	256	63	100	178	110	108	58	39	30	102		1.275	687	41	201	36	29	37	25	47	7	23	142		2	5
210.SantAntoni	20.235	17.441	15.712	521	262	148	143	72	109	85	40	43	50	24	39	21	18	18	11	125		111	76	11	6	18		1.340	145	77	110	147	107	71	102	111	76	86	71	54	59	25	26	10	63		1.329	436	151	411	70	66	28	8	26	25	16	92		6	8
311.elPobleSec-AEIParcMontjuïc	20.550	16.417	14.120	788	363	161	162	91	95	78	42	47	81	36	59	27	40	21	24	182		377	302	33	10	32		1.750	213	134	120	147	117	98	127	105	222	89	91	81	73	24	43	17	49		1.981	263	510	633	289	94	29	11	19	59	14	60		16	9
312.laMarinadelPratVermell-AEIZonaFranca	576	520	514	0	0	0	1	2	3	0	0	0	0	0	0	0	0	0	0	0		4	4	0	0	0		34	5	1	7	5	2	2	0	2	1	0	1	0	6	1	0	1	0		18	11	0	0	0	0	3	0	0	0	0	4		0	0
313.laMarinadePort	16.199	14.076	13.491	112	42	15	16	90	76	29	47	9	28	54	7	2	5	3	3	47		237	180	21	3	33		1.009	149	176	167	65	56	106	33	59	60	15	19	17	27	19	15	8	18		877	396	97	235	52	17	27	14	5	6	1	27		0	0
314.laFontdelaGuatlla	5.463	4.818	4.363	144	50	20	15	43	53	21	19	4	22	10	4	3	5	3	3	36		43	30	4	5	4		372	53	19	37	33	34	23	29	43	10	6	7	16	18	10	7	8	19		230	102	28	19	24	1	14	7	1	6	2	26		0	0
315.Hostafrancs	8.381	7.096	6.402	201	94	31	36	64	69	26	24	19	33	20	7	9	4	4	2	51		154	113	10	5	26		695	88	44	76	64	82	57	33	55	42	23	29	20	28	13	7	10	24		431	149	68	60	47	5	20	7	4	21	5	45		3	2
316.laBordeta	10.210	9.128	8.754	120	52	17	22	41	22	14	19	3	17	5	4	2	4	4	1	27		118	93	9	4	12		630	76	48	71	58	74	47	29	37	50	10	23	22	43	17	5	7	13		331	148	46	37	40	3	20	3	5	4	2	23		2	1
317.Sants-Badal	13.022	11.194	10.602	141	59	15	24	100	59	32	42	12	25	13	5	3	4	8	3	47		125	83	9	0	33		1.223	139	132	133	95	166	93	47	61	111	12	29	36	74	22	26	13	34		479	212	58	62	39	8	39	6	10	7	4	34		0	1
318.Sants	22.196	19.400	18.040	359	202	70	80	144	89	72	64	33	46	26	23	16	19	11	5	101		201	153	14	1	33		1.839	213	225	199	177	215	125	112	90	96	32	78	43	117	25	37	11	44		750	275	149	50	87	23	58	2	25	26	12	43		6	0
419.lesCorts	24.997	22.930	21.805	271	156	45	70	79	110	67	66	24	45	19	21	25	9	8	8	102		90	47	13	4	26		1.290	148	98	122	163	84	69	74	116	55	69	75	44	87	24	8	14	40		680	303	26	33	47	3	25	4	75	3	10	151		1	6
420.laMaternitatiSantRamon	12.851	11.742	11.227	126	77	18	30	29	65	27	38	5	26	10	4	7	4	2	3	44		64	44	5	1	14		764	95	48	85	84	55	61	49	41	33	18	52	28	53	16	20	4	22		279	117	18	16	19	0	15	3	18	6	5	62		1	1
421.Pedralbes	6.376	5.816	5.216	86	186	34	38	21	106	12	25	4	6	16	3	12	2	2	8	39		54	22	12	0	20		307	34	25	26	27	23	12	16	33	9	30	25	11	11	0	8	2	15		198	51	8	33	4	0	4	3	26	0	14	55		1	0
522.Vallvidrera,elTibidaboilesPlanes	2.369	2.248	1.977	55	56	32	26	10	21	4	2	13	4	3	5	6	3	1	5	25		6	5	0	0	1		81	6	3	3	7	6	6	11	6	1	12	2	7	3	1	0	1	6		34	4	0	4	0	0	4	4	2	0	0	16		0	0
523.Sarrià	13.405	12.618	11.573	233	346	63	71	15	81	19	35	21	22	14	15	16	13	7	7	67		67	33	13	2	19		465	46	48	36	37	34	20	21	35	12	79	27	8	23	7	9	2	21		245	67	8	27	12	0	9	0	68	0	8	46		4	6
524.lesTresTorres	8.884	8.395	7.945	96	91	29	46	4	39	22	11	14	10	7	5	12	2	4	22	36		24	8	4	1	11		316	14	34	18	23	30	16	15	18	4	67	20	8	25	5	8	4	7		146	27	1	32	6	0	4	0	35	0	5	36		3	0
525.SantGervasi-laBonanova	14.143	13.173	12.346	183	138	41	80	49	100	24	26	26	19	9	9	10	5	12	18	78		65	33	8	0	24		669	63	72	62	65	57	28	42	43	8	50	44	18	42	13	7	9	46		232	79	11	41	6	3	5	3	16	1	7	60		4	0
526.SantGervasi-Galvany	26.318	24.329	22.705	424	309	90	143	54	141	60	45	57	33	21	33	34	16	14	29	121		106	44	7	3	52		1.383	142	104	92	134	97	26	75	101	33	221	101	57	77	24	34	9	56		484	128	19	103	22	1	20	1	40	1	22	127		10	6
527.elPutxetielFarró	16.282	15.113	13.920	342	194	75	91	51	94	72	21	28	31	7	16	20	10	9	24	108		65	35	3	5	22		806	92	36	64	125	64	26	47	67	20	64	53	37	44	14	11	13	29		293	107	21	29	15	0	5	5	24	0	18	69		4	1
628.VallcarcaielsPenitents	8.496	7.849	7.253	158	65	45	50	28	58	25	30	21	16	12	11	13	7	6	6	45		31	25	1	0	5		457	35	35	41	55	28	19	35	35	10	25	24	27	44	10	5	7	22		158	55	17	11	24	1	9	5	13	0	2	21		1	0
629.elColl	4.028	3.641	3.363	76	32	19	14	30	23	9	15	2	13	4	4	10	1	2	4	20		36	28	2	0	6		289	22	60	11	40	26	11	27	17	10	5	8	7	23	1	8	3	10		60	10	16	4	7	0	7	2	4	0	3	7		2	0
630.laSalut	7.219	6.684	6.200	164	52	36	46	29	40	20	7	17	14	4	4	9	9	2	2	29		32	18	2	1	11		353	46	26	34	40	20	16	33	31	9	17	26	16	10	7	5	8	9		148	55	9	7	19	2	14	1	9	3	4	25		2	0
631.laViladeGràcia	27.690	24.927	21.680	1.070	595	263	253	83	111	133	59	78	86	29	51	51	63	35	50	237		165	120	7	2	36		1.883	194	71	169	170	86	89	172	183	29	221	135	124	71	34	24	34	77		693	239	48	48	71	19	17	6	39	25	30	151		13	9
632.elCampdenGrassotiGràciaNova	19.016	17.397	16.052	438	209	80	61	100	84	66	38	22	50	14	30	18	16	8	10	101		75	47	5	3	20		1.049	109	94	86	110	68	46	87	95	24	65	77	80	23	24	16	16	29		488	195	42	20	37	11	23	27	18	46	20	49		4	3
733.elBaixGuinardó	14.006	12.684	11.949	253	94	35	31	61	44	35	33	9	31	14	7	6	6	7	2	67		72	45	6	2	19		935	112	72	111	134	65	58	66	54	19	23	35	35	70	29	19	18	15		311	140	37	8	14	1	30	3	15	26	6	31		4	0
734.CanBaró	4.893	4.418	4.111	76	41	12	32	18	28	8	19	3	13	6	6	6	3	0	3	33		36	23	7	0	6		318	45	57	29	33	22	19	20	14	2	7	5	19	15	5	8	3	15		120	49	20	3	6	0	3	6	11	6	3	13		0	1
735.elGuinardó	19.784	17.662	16.614	284	126	40	53	103	90	57	72	10	47	24	20	14	9	2	5	92		166	114	6	5	41		1.577	232	226	165	137	122	106	98	76	74	21	40	44	110	32	36	18	40		373	144	49	18	19	0	51	33	13	9	5	32		4	2
736.laFontdenFargues	5.012	4.795	4.625	38	24	12	9	21	12	7	12	2	9	1	1	8	0	3	0	11		6	3	1	0	2		178	23	32	3	21	18	11	13	6	1	5	8	7	9	6	7	4	4		33	8	0	2	2	0	7	4	1	0	0	9		0	0
737.elCarmel	16.896	14.801	14.100	152	36	22	27	107	103	33	61	6	42	31	9	6	3	7	1	55		183	140	13	10	20		1.530	112	280	156	122	209	168	67	47	63	16	19	27	109	15	66	14	40		382	94	105	19	23	2	59	37	5	12	1	25		0	0
738.laTeixonera	6.126	5.430	5.163	58	25	7	10	28	35	20	27	4	9	6	4	2	0	1	2	29		70	42	8	1	19		503	44	103	49	53	42	24	20	15	27	6	13	20	33	12	26	4	12		122	21	27	9	34	2	14	5	1	4	1	4		0	1
739.SantGenísdelsAgudells	3.923	3.464	3.294	34	14	3	11	7	20	6	29	3	8	4	1	1	2	1	1	25		36	20	5	0	11		364	31	63	63	44	28	24	16	8	12	6	9	8	25	2	7	7	11		59	16	10	2	1	1	11	0	3	7	0	8		0	0
740.Montbau	2.848	2.575	2.466	37	5	5	2	13	12	8	10	0	2	3	1	0	2	1	0	8		22	17	1	0	4		209	30	26	20	18	10	4	15	17	9	0	6	22	13	5	3	4	7		42	18	6	1	3	0	2	4	1	1	1	5		0	0
741.laValldHebron	3.062	2.868	2.759	20	10	3	7	16	18	2	14	0	3	4	0	0	3	2	0	7		11	4	0	2	5		150	25	18	17	30	4	7	5	12	2	5	4	12	5	3	0	0	1		32	16	0	0	4	0	3	2	0	0	1	6		1	0
742.laClota	331	301	292	7	0	0	0	0	1	0	0	0	0	0	0	0	0	0	0	1		3	1	2	0	0		19	4	4	1	2	0	0	3	1	0	1	1	0	1	1	0	0	0		8	0	4	0	0	0	4	0	0	0	0	0		0	0
743.Horta	14.655	13.111	12.649	108	32	8	25	93	40	15	49	7	18	11	3	1	3	4	2	43		122	94	5	3	20		1.102	120	266	108	66	77	60	42	22	113	18	29	34	44	21	31	16	35		319	77	14	59	11	2	64	21	12	2	4	53		1	0
844.VilapicinailaTorreLlobeta	13.978	12.344	11.933	91	31	13	20	50	51	17	54	8	14	23	3	0	1	0	3	32		74	58	2	2	12		1.121	128	180	117	80	169	82	36	52	94	8	16	16	53	30	37	5	18		437	219	62	14	5	2	61	55	5	0	4	10		1	1
845.Porta	14.214	11.822	11.368	78	23	11	14	81	87	23	61	8	13	8	4	7	3	3	1	29		209	128	17	8	56		1.646	158	579	142	70	159	106	37	59	103	10	18	14	96	23	32	15	25		536	152	68	13	37	1	110	124	4	2	4	21		1	0
846.elTuródelaPeira	8.504	6.847	6.602	38	19	7	7	45	36	14	44	4	4	5	1	1	1	1	1	17		149	104	17	2	26		1.133	104	123	71	64	310	76	27	36	176	3	4	19	61	5	17	6	31		375	81	115	2	15	1	102	42	1	0	0	16		0	0
847.CanPeguera	1.188	1.082	1.057	6	0	1	0	4	5	1	4	0	1	0	1	2	0	0	0	0		28	19	0	0	9		62	6	15	6	2	6	5	2	2	7	1	1	3	2	1	0	1	2		16	3	2	2	4	0	0	2	0	0	0	3		0	0
848.laGuineueta	8.327	7.689	7.459	30	18	2	9	50	24	5	42	7	13	0	3	0	2	1	0	24		43	34	1	2	6		452	50	115	56	23	32	30	16	26	24	4	7	7	35	6	3	4	14		142	53	34	6	2	0	15	22	3	0	0	7		1	0
849.Canyelles	3.614	3.453	3.395	12	2	2	1	13	8	1	9	0	1	1	0	0	0	0	0	8		29	12	1	3	13		104	6	17	15	4	5	11	7	5	6	1	3	2	12	1	8	0	1		28	9	3	2	1	1	7	2	1	0	1	1		0	0
850.lesRoquetes	8.439	6.763	6.436	44	18	6	2	100	50	7	54	3	18	5	3	1	0	1	1	14		190	114	3	3	70		1.252	63	672	72	38	52	125	11	30	60	6	6	10	48	7	20	15	17		234	63	69	2	40	5	20	20	2	4	1	8		0	0
851.Verdun	6.713	5.486	5.254	44	13	3	4	34	39	15	42	4	1	9	3	0	1	0	1	19		111	71	8	0	32		856	45	404	52	26	84	56	16	19	65	1	4	13	27	18	16	3	7		260	76	38	43	22	0	22	47	0	0	1	11		0	0
852.laProsperitat	14.216	12.191	11.858	61	17	10	13	65	34	16	51	7	9	24	0	0	4	0	1	21		185	95	10	8	72		1.366	108	522	109	52	121	123	24	61	73	10	16	18	36	25	38	17	13		474	179	58	13	43	10	37	110	4	0	0	20		0	0
853.laTrinitatNova	3.968	3.246	3.110	22	0	2	2	30	27	4	38	1	0	0	0	0	0	0	0	10		90	50	8	1	31		428	41	141	34	28	34	39	3	13	35	1	1	3	25	6	10	5	9		204	27	75	0	24	0	16	58	0	0	0	4		0	0
854.TorreBaró	1.457	1.236	1.187	5	1	0	1	6	4	9	2	0	4	7	0	1	0	0	0	9		75	57	2	4	12		130	6	39	15	7	19	11	2	8	5	0	1	4	5	2	3	3	0		16	5	9	0	0	2	0	0	0	0	0	0		0	0
855.CiutatMeridiana	5.577	4.037	3.866	13	1	4	3	40	46	8	31	2	9	6	1	0	0	1	0	6		365	197	16	2	150		890	39	416	51	19	40	118	12	16	115	4	2	2	25	3	8	3	17		285	41	177	6	18	1	9	18	2	3	0	10		0	0
856.Vallbona	724	644	618	5	1	0	1	1	6	1	6	1	2	1	0	0	0	0	0	1		17	14	1	0	2		33	6	2	5	1	2	3	1	2	1	0	0	0	3	3	0	0	4		29	4	25	0	0	0	0	0	0	0	0	0		0	1
957.laTrinitatVella	5.060	3.847	3.648	24	3	4	3	66	29	9	28	7	0	4	2	6	0	0	1	13		332	256	14	2	60		458	29	77	60	17	33	73	21	21	45	3	3	6	25	7	20	6	12		423	25	278	7	32	9	40	12	1	1	1	17		0	0
958.BaródeViver	1.339	1.182	1.147	6	0	0	2	9	7	3	4	3	0	1	0	0	0	0	0	0		54	31	20	1	2		65	3	19	10	1	6	8	7	2	3	1	0	0	2	1	0	1	1		38	13	7	0	3	0	8	4	0	0	0	3		0	0
959.elBonPastor	6.660	5.731	5.524	18	12	2	13	45	24	18	35	1	9	8	0	1	1	0	4	16		107	73	7	7	20		593	81	165	50	42	80	47	11	19	24	3	5	5	17	12	16	1	15		229	72	57	7	18	4	36	30	2	1	0	2		0	0
960.SantAndreu	30.582	28.739	28.004	192	69	40	29	73	73	38	72	8	22	27	5	10	6	0	3	68		182	122	16	4	40		1.194	146	163	143	134	99	88	50	60	58	25	15	36	64	45	19	20	29		464	237	77	8	14	3	68	12	13	2	5	25		2	1
961.laSagrera	15.636	13.966	13.390	142	46	17	28	69	85	28	55	10	23	16	2	10	8	3	4	30		88	60	4	5	19		1.121	142	134	186	85	97	87	52	40	87	15	26	27	70	13	20	11	29		456	272	28	15	18	1	42	35	12	3	4	26		1	4
962.elCongrésielsIndians	7.801	6.937	6.624	82	29	6	15	36	45	11	25	3	19	12	3	3	1	4	2	17		47	36	1	1	9		587	74	100	71	61	79	39	18	10	25	7	9	11	44	16	9	2	12		228	131	11	1	6	9	41	18	1	0	2	8		1	1
963.Navas	11.851	10.547	10.030	152	44	18	16	74	50	25	43	6	25	13	7	5	2	0	4	33		75	49	4	8	14		817	88	72	132	72	101	38	53	43	56	10	13	29	30	17	26	16	21		408	272	21	17	5	1	23	26	6	5	7	25		0	4
1064.elCampdelArpadelClot	20.729	18.246	16.906	440	165	81	81	77	95	58	66	36	47	18	17	22	14	5	8	110		168	139	6	3	20		1.664	195	101	212	195	191	99	115	89	93	41	67	60	65	32	15	28	66		646	365	65	36	30	10	40	24	20	12	9	35		4	1
1065.elClot	14.172	12.731	11.961	235	76	42	32	74	54	49	47	11	33	16	8	6	6	3	7	71		157	118	13	4	22		850	86	90	101	85	58	36	61	70	44	21	33	44	60	15	9	17	20		431	286	37	12	6	1	30	14	9	2	8	26		1	2
1066.elParcilaLlacunadelPoblenou	8.122	7.199	6.350	251	102	59	56	50	64	21	21	20	31	24	20	7	14	8	9	92		102	78	3	0	21		484	62	23	51	45	15	21	39	55	16	38	22	23	32	11	10	10	11		327	172	27	17	5	3	14	5	10	0	19	55		4	6
1067.laVilaOlímpicadelPoblenou	4.772	4.478	3.914	130	81	31	40	21	47	19	21	15	28	14	14	13	14	6	5	65		15	12	0	1	2		204	22	4	10	20	8	3	40	35	4	23	12	5	1	3	2	1	11		71	26	6	2	8	1	1	0	6	0	4	17		3	1
1068.elPoblenou	17.638	16.156	14.232	595	257	144	168	68	156	68	38	37	55	37	38	33	11	14	10	195		103	67	4	7	25		878	86	57	54	107	56	31	101	110	18	61	49	39	38	18	6	16	31		483	209	117	13	14	7	23	20	7	3	19	51		14	4
1069.DiagonalMarielFrontMarítimdelPoblenou	6.944	6.408	5.592	179	78	42	44	37	200	26	39	23	18	9	22	11	2	6	4	76		52	34	5	0	13		301	35	3	15	37	8	8	37	66	3	24	19	6	12	3	1	12	12		180	81	10	6	16	0	4	4	5	0	8	46		3	0
1070.elBesòsielMaresme	12.061	9.616	8.780	82	23	15	14	171	204	26	161	4	26	42	2	5	2	2	1	56		322	226	19	40	37		922	81	240	89	92	80	70	46	46	48	4	19	17	25	20	26	6	13		1.200	232	716	8	70	17	62	10	0	43	4	38		1	0
1071.ProvençalsdelPoblenou	11.096	10.094	9.327	207	59	29	35	74	98	31	53	19	43	15	9	5	4	6	5	75		143	95	29	3	16		583	47	61	56	74	44	29	53	49	28	16	24	18	27	16	9	10	22		273	121	58	4	21	0	22	13	2	0	11	21		2	1
1072.SantMartídeProvençals	13.897	12.568	12.052	132	30	15	21	71	72	31	52	7	15	20	6	7	1	0	2	34		67	41	6	4	16		738	86	91	97	65	66	48	43	43	69	10	9	25	32	21	5	10	18		524	379	35	25	9	0	32	24	7	2	3	8		0	0
1073.laVernedailaPau	15.121	13.586	13.095	108	27	6	13	72	76	13	68	4	14	22	3	6	1	0	3	55		120	75	8	12	25		859	91	124	97	65	85	80	41	44	72	5	10	25	47	16	8	17	32		555	344	76	14	19	5	44	22	4	10	0	17		0	1
